0.136790 0.765511
0.018769 0.763825
0.013252 0.297558
0.414004 0.772368
0.481072 0.156517
0.076609 0.278953
0.624291 0.354846
0.814582 0.547611
0.658446 0.961742
0.236433 0.175001
0.932270 0.809578
0.104473 0.773172
0.201167 0.501707
0.817918 0.650252
0.332172 0.318092
0.607899 0.683647
0.077631 0.256838
0.894583 0.237603
0.063626 0.372528
0.656048 0.415442
0.679209 0.776403
0.589232 0.156504
0.123803 0.148751
0.305148 0.688824
0.472665 0.380468
0.793773 0.630778
0.254089 0.008637
0.918383 0.598422
0.697074 0.440038
0.754819 0.519974

